160

..ιι- -— ——m——m— ..n-...aa—

00000 ouban 00000. 0οο 000 aa 00 ‘
2⁸³0. 0000. 100111 0111100. 100100.

11000110 ’1. 11000000 1000000 00 100 0000- ²⁸4⁰·

10000. 1100000. 8011010101 11. 0 1011. Barbam. 110000
811110101011000. 1001010 110001. 8011101. 1000100010, 00. ti. K. 1100011011
8010000100. 811110111000. 0010. 11001. 110000.

1110100011 (1001100 (Syn, 0 100001000όο). 8010000100. 81101101 11000 110 00101. ᾖ
1100 00000100 00000110110(100001001000 001001001001. 0110 000 0000001100.
1110100011 (10 00). 11000000. 11. 810101011. T. 1-2. 110000.

(100011000011000011. 11000 00 01100 ’100- (1001001000. 110000.
tar-unum. Pantomim. Stookffolm. 11010001100001. 001. 1101001101.

(1001010001000. 0100110000. - 0011 110000.

110100011001.·01001100“. 11000 001010 000001. 110000. ¹

11011112 01111 (1111111111ἢο 000. 110000. Ρ11οῒ0110108’10101110οι11Β 1101101011 010 olam

- 0010000οι 110000. (10100 0000000010 10. Pom.

1 i 13111111 1111 ‘fian-mu m m. Wam. ³⁸a¹02⁵fflt21¹÷350ss⁰¹ss &112⁰ssssssssss Μ

(10001000108010. 100000000οη 01010- 1101001000000010. 1111. 1101100100.
mu 001011100010100110110 1001· 11010001) 00 ,110000
01101. 1100000000 001110000000.

ΗοἾ11000000 Ρο001000001100010111000. Κοο00οΜ10100118. 00000000 0010010101οο-

0000. 0 . 00 00.

- 11000 111110100010 11000100. 1101111011 Ad. (10000. 001010. 111100.

1011001000111.. 110101001010000101101 1101001101.1010000100100011010101·
0 101000001. 80000111. 011000.

8000000010 0000000. 001. 80000000011. 11000000 0000000100110000.

11001 1001000000. 10001. 1100 00 00100. 11000 010101010100. 110110·

1101001000 000011001. 11001000. R. V. 0100.

1101100100. 110ιο001000οο 001. 11010010. 110000
1010000001οε 1. S. 010 0000 100 1101000. 0110010101. 11000001 1010001000110001.

010 aux 8010000 (8100001011). Paris. 1001100011. 110100.

ΜΞ 00011100ΙΙ Η101. 0001000ογ 11000. 1100101101). {auli (ligni asskttuwsstgossffifflffiyjsskwq. n

· 000 0. . .

11011010 0000001000 001οο0100. Paris. 0 1100010. ω

11000 101010 001. 0010000101. 10001. 1000100011. 10 0001100 100 001000. 100·

00010 00000100] 010000οο011 0000000011οο 0011100.

00000011. 111100. 1000001011 00101000 0000000010ογ. 100000.
1000010111 Chr. 101. 00010000101. 11001001- 1100001 01 1111 11001100 01 1010010 01 Po·

001000 1000 010 Anhang 110 110010011οἰ- 1001. 1001.

0010 0010010010000. 11100. 110000 81000 001. 1101100011. Paris.
10000101 0110 00000. (w 01000. 0100010). 110101011101. 11010000 00 01000 81110-
10000010110 0010. przemysl. Leszno. 1010101000 1010101 1101110101οἱ 00. 10010
⁸123*ssssss 111 11001100 of 1010010 01 Po· S aan‘gogggMifflzekwskqfflgdmffilm
Roeznik 001010100011001. Scribo iyVarner. 000010οἰ0 1000. 11. 1.
8001100 1101. Romani. 110011 00110000 00000 Αο011000101. 111100.

800100110οο. 110000. 8110001001100 1010011001000.
81001100000. 81001100 11010010. 10001. 8011 10 0101010100. 100000.
810010001. L. [001100100110000110 (100- 80000000011 W. 1100000101000. 110000.

00, 1001001100010001101001. 110001οο1. - 8010110000100000.

- 101. 1110010001. 100100 000000001ιο

8011110 0101010100. 100000. 10010000111000001100010100 11001.

10001010001000000 11010 10100010. 110000. 10001011 001000001001001. 110000.

100100 00000 110000. -001010001000000, 10010.

10001011 1001000011. - 10011000 010010100100110010101011. (1101

- 00101000100 001. 110000. 1). ned. 1100000010, 000110000000. 0.(11-

- 0010100 1 000000100011010. 0001000.

11000011. 11. 1001110. (1000110110 0100010 1110100001όο 0001001 1011001 0 01001.
1011000010. 1100100. 1100010. 111100..

111010001110010010000011. 11. P. 010- 11101000. 00100011010010.

101010 0 11111001. 110000. 2341
111010000110010000.1101010. “

1110000 0101011001001οΡ00.110100011000. Anna 00011 1010010 0 domu. 1001011. 111100.
110000. (1001001000. 110000.

 

