1882· ¹ 215

110101 1101111. Η111111. 10010101101 -· 1111101011111303011110111101311101.
0111 00030. 111110. ’ 111011010. 1101111130 zur 1101111101 101

81111111 (1110. 101. (11100011). 1010. 8101110111 00101001101. 110011311013.

8111111 J. 1111 do L. 1111111030. 1111. 111001 W. 110101 1 10101110. 111111.

- 11110 0111001010011111111. 111 y Ε. Ο 110100110101 0011010111 111001

- 1110110101 11101100110 “. 11111. 101101110101110101111 1.

-0000111011111011 110. 111. 11001010111111011011010001011. ’

- 11110011 Skamzewskfflak. · -·0 100110111 110 110111. 1010111.
-1110101010111111110101 1000101. 10111111 S. 1000011 1. 1 111 80110111.
- 11101 1001110 011100100101011111111. 8111111010. “

- 81111111101111111116041 1714. 11111. 1011101001111. 0101010 0 01011100100101.
1110111011 P. 1111110110 011111. 111111 11111.

81ᾧ11100011111. 1011001111001110. 1011100101 8. 110101000101001 8111111.
1111. Augusta 1 S. 11110111. 11111.

810111001118111.1’111111110110(0110· - Ζ 01010 8111. Augusta. 01 1-11. 11111. ’ ‘

011111. 111010100011). 111101. · 1001110010011110101111. 111111.
8101100011 Jul. Das 11130110110 (11111- - St. 0010111. 1110101001οἡ 0103111 111101.
1101 01011 vom 111111 1861. 11101. - 1100110 011011 1000111111001100111101.
- 111 1110110101 81011001 111 (1011111011- i 3111101001 1100001111. 111111.

111. 101. -101111101101100110 11101110.
8101101001011. 11011111011110010101- - 110101001οἠ 1110101.“111111.

0111111100101110110. 11111. 100111011 0111001 111001. 1010.

110 yt. 13101011, 11011. 1(οο00101. 11111. 1110111111 110111130111101100011 11101-
, 1101110011111. 11111 1111000. 11111. 1111111011. Berlin.

11110 J. Z 1110111100111111010311. 111101. 1111101, 111011111. 111111.

1110101. 0111110103110101110111101.1101· 1101010 Α. 1110111110 1111101110110

1111010111 801111011010100. Berlin.

1111100111 j 1. 111110111101130110111030 Τ10111001ἰ 0. 80110011. 1 111010081011-

11111. 111100. 01100. 11111.

111011 T. 111101101100111111. 111101. 1101110011 11111. 111111. 1010.
1113011011 P. 801100111110100111. 31111. 1101111011 100011 11101. 111. 11110301.

10101. 1000. · 1101100011111101. 103101 11 0001. 111.
'Paris (obszezij 1100100101) 00 100100101- 1000 0111. 11111.

1100· 11130010. 1010101. 1111181111 01 00110101061110. 1000.
11110011111, 1111011111. 1111110. 1101011011 ky. 1111111111. 100111.
111100111 J. 111110 111111 0011100101. - 1111010111. 1011111.

1000. ’1110101 0011111100 , 000. 111111.
1111001111 81111111111110001. 11111. 111101 1101111111111111111111. 11010.
111011 do 001011001111111011010111101 1011 0011101111, pow. 111111.

01101. 1010100111101. 111101. ’1011100111 j, 001111· 101111. 1100101
-1001 00111. 111111. · 10111011 (0111). 1101111όο.

111011111110100110011110. 11010, 10301111 111100010101, 101. J. K. (110- .

— Zob. 811011. . 30100101. 111111.
1011101011 Ε. 101100111110300001111101 - 000010011011. 0130111111. 111101.

01101 1111301101111. 111110. . - 00010101 ( 1. Κ11110111111.1)01111’1.
10111001011. Ρ1100101011011110110101 -101111010, 1111.

1011111001 1111100οὲ 11111. - 1111100110111101.
1011110111 11111. 11011100113011111111 [11110011 S. 1111101010111111111110100Ι (110

10110101011001011. 111110. 010010011101. 1011111.
1013101 111. 101111110101. 11111. Unger 11101. 1111011111 illustr. 111111.
101010 10. 1111101101110101111110110110- 11111 (101. K. 1111). 111100.

1110101. 11111. [10111010111. 1000.
1010011110131 (11010). Ρο1110111110- 111101001110311101101100011110110101.

b 01 111001, Ι1 ryc. 1011011. 111101. 1001111101 111 1110110111 010111101. 111111.
1111111111111. . 11111.111111111111111111.
1010111100111 Α. 1)ιο [11110101 1011101- 1113. 11101. >

100110 Berlin. 1111111111 K. 1. W. 111011 101131111101101.
1101011. W 03011110 010110. 111111. 1111011.
110100 ex 11100111 theologia. cracov. [11111111 W. 1111111110 010 0101100110101.
1101110 11. 1111100 100101 1101110 11100001. 11101.

Ι111111. 111001 11011000100111110101 1101111110-
111111. Listy 01010111111 0 1110100111οῌ 30. 111.

11011. 1101110111. 11111. 1111111111ἰο 101000. 101. [0011100111.
110110 E. Die 0031011110101101111111010 111111111101111011111110111101110. 111111

von 10111013. 101. - 0101031101. 111. 110 001101. 000011. 111111.

 

